Title,Media URL,Pinterest board,Thumbnail,Link,Publish date,Description,Keywords
Title,https://res.cloudinary.com/dbcpfy04c/image/upload/v1748569380/pin_1_1_zxzzy5.webp,please-provide-the-title-and-keywords-i-need-that-information-to-suggest-a-board-name-once,,https://www.beacleaner.com/how-to-clean-gutters-with-power-washer?utm_source=pinterest&utm_campaign=title,2025-05-30,Description,Keywords
Gutter Cleaning Made EASY! 💦,https://res.cloudinary.com/dbcpfy04c/image/upload/v1748569388/pin_1_2_bythsz.webp,home-maintenance-tips,,https://www.beacleaner.com/how-to-clean-gutters-with-power-washer?utm_source=pinterest&utm_campaign=gutter-cleaning-made,2025-05-30,"Tired of the messy, dangerous chore of gutter cleaning? This guide shows you how to safely and effectively clean your gutters with a power washer! Learn the right nozzles, pressure settings, and safety precautions to avoid damage to your home. Don't risk a fall – reclaim your weekends and protect your foundation! Click to learn how to get sparkling clean gutters in no time. A clean home is a happy home! ✨","Gutter Cleaning,Power Washer,Home Maintenance,DIY"
Power Wash Gutters: Step-by-Step 🏡,https://res.cloudinary.com/dbcpfy04c/image/upload/v1748569394/pin_1_3_must04.webp,home-repair-tips,,https://www.beacleaner.com/how-to-clean-gutters-with-power-washer?utm_source=pinterest&utm_campaign=power-wash-gutters-s,2025-05-30,"Don't let clogged gutters lead to costly water damage! Our detailed guide breaks down gutter cleaning with a power washer into simple, manageable steps. From prepping your equipment to rinsing away debris, we've got you covered. Protect your investment and prevent foundation issues. Read now and enjoy peace of mind! 💧","Gutter Maintenance,Power Washing,Home Repair,Water Damage"
Avoid Gutter Damage! Power Washing Tips,https://res.cloudinary.com/dbcpfy04c/image/upload/v1748569401/pin_1_4_f1wjdg.webp,home-improvement-tips,,https://www.beacleaner.com/how-to-clean-gutters-with-power-washer?utm_source=pinterest&utm_campaign=avoid-gutter-damage-,2025-05-30,"Worried about damaging your gutters with a power washer? We share essential tips to avoid common mistakes and ensure a safe, effective clean. Learn about nozzle selection, pressure control, and proper technique. Protect your home's exterior and extend the life of your gutters! Click to learn more! 🛡️","Gutter Protection,Power Washer Tips,Home Improvement,DIY Cleaning"
DIY Gutter Cleaning: Power Washer Guide 💪,https://res.cloudinary.com/dbcpfy04c/image/upload/v1748569408/pin_1_5_p2nxs5.webp,home-improvement-tips,,https://www.beacleaner.com/how-to-clean-gutters-with-power-washer?utm_source=pinterest&utm_campaign=diy-gutter-cleaning-,2025-05-30,"Skip the expensive professional cleaning services! This DIY guide empowers you to clean your gutters yourself with a power washer. Save money, stay safe, and enjoy the satisfaction of a job well done. We'll walk you through everything you need to know. Get started today! 💰","DIY Home Improvement,Gutter Cleaning,Power Washer,Save Money"
Protect Your Foundation: Clean Gutters!,https://res.cloudinary.com/dbcpfy04c/image/upload/v1748569417/pin_1_6_nzdp3o.webp,home-maintenance-tips,,https://www.beacleaner.com/how-to-clean-gutters-with-power-washer?utm_source=pinterest&utm_campaign=protect-your-foundat,2025-05-30,"Did you know clogged gutters can cause serious foundation problems? Prevent costly repairs by regularly cleaning your gutters with a power washer. Our guide provides a simple, effective solution to keep your home safe and sound. Don't wait until it's too late! 🏠","Foundation Repair,Gutter Cleaning,Home Protection,Preventative Maintenance"
Power Washer Gutter Cleaning: Safety First!,https://res.cloudinary.com/dbcpfy04c/image/upload/v1748569423/pin_1_7_qifd5f.webp,home-maintenance-tips,,https://www.beacleaner.com/how-to-clean-gutters-with-power-washer?utm_source=pinterest&utm_campaign=power-washer-gutter-,2025-05-30,"Safety is paramount when working with power washers and heights. This guide emphasizes crucial safety precautions for cleaning gutters with a power washer. Learn about protective gear, ladder safety, and avoiding electrical hazards. Clean with confidence! ⚠️","Gutter Safety,Power Washer Safety,Home Maintenance,Ladder Safety"
Fast & Effective Gutter Cleaning ⏱️,https://res.cloudinary.com/dbcpfy04c/image/upload/v1748569429/pin_1_8_jsr2cw.webp,home-maintenance-tips,,https://www.beacleaner.com/how-to-clean-gutters-with-power-washer?utm_source=pinterest&utm_campaign=fast-effective-gutte,2025-05-30,"Short on time? A power washer can dramatically speed up the gutter cleaning process! Discover how to quickly and efficiently remove leaves, debris, and buildup. Reclaim your weekend and enjoy a cleaner, healthier home. Click to learn the secret! 🚀","Fast Cleaning,Power Washer,Gutter Cleaning,Time Saving"
Gutter Cleaning Checklist: Power Washer Edition,https://res.cloudinary.com/dbcpfy04c/image/upload/v1748569436/pin_1_9_jmo2we.webp,home-maintenance-tips,,https://www.beacleaner.com/how-to-clean-gutters-with-power-washer?utm_source=pinterest&utm_campaign=gutter-cleaning-chec,2025-05-30,"Don't forget a step! Our comprehensive checklist ensures you have everything you need for a successful gutter cleaning with a power washer. From tools to safety gear, we've got it all covered. Download the checklist and get cleaning! ✅","Gutter Checklist,Power Washer,Home Maintenance,Cleaning Supplies"
Best Power Washer Nozzles for Gutters 🚿,https://res.cloudinary.com/dbcpfy04c/image/upload/v1748569443/pin_1_10_zzwmqx.webp,gutter-cleaning-tips,,https://www.beacleaner.com/how-to-clean-gutters-with-power-washer?utm_source=pinterest&utm_campaign=best-power-washer-no,2025-05-30,Choosing the right nozzle is crucial for effective gutter cleaning. We reveal the best power washer nozzles for removing debris without damaging your gutters. Learn about different spray patterns and pressure settings. Get the perfect clean! ✨,"Power Washer Nozzles,Gutter Cleaning,Home Improvement,Spray Nozzles"
Gutter Cleaning Before & After: Power Washer,https://res.cloudinary.com/dbcpfy04c/image/upload/v1748569449/pin_1_11_mxpfrg.webp,home-maintenance-tips,,https://www.beacleaner.com/how-to-clean-gutters-with-power-washer?utm_source=pinterest&utm_campaign=gutter-cleaning-befo,2025-05-30,See the amazing results! Check out our before & after photos of gutter cleaning with a power washer. Witness the dramatic difference and get inspired to tackle your own gutters. A clean gutter is a beautiful gutter! 🤩,"Before and After,Gutter Cleaning,Power Washer,Home Transformation"
Power Wash Gutters: Avoid These Mistakes!,https://res.cloudinary.com/dbcpfy04c/image/upload/v1748569457/pin_1_12_qtaztz.webp,home-repair-tips,,https://www.beacleaner.com/how-to-clean-gutters-with-power-washer?utm_source=pinterest&utm_campaign=power-wash-gutters-a,2025-05-30,"Don't make these common mistakes when cleaning gutters with a power washer! We share valuable insights to help you avoid damage, ensure safety, and achieve optimal results. Learn from our experience and clean like a pro! 💡","Gutter Cleaning Mistakes,Power Washer,Home Repair,Avoid Damage"
Extend Your Gutters' Life: Power Wash!,https://res.cloudinary.com/dbcpfy04c/image/upload/v1748569465/pin_1_13_tizvmx.webp,home-maintenance-tips,,https://www.beacleaner.com/how-to-clean-gutters-with-power-washer?utm_source=pinterest&utm_campaign=extend-your-gutters-,2025-05-30,"Regular gutter cleaning with a power washer can significantly extend the life of your gutters. Prevent rust, corrosion, and premature failure. Protect your investment and enjoy years of reliable performance. Learn how! ⏳","Gutter Lifespan,Power Washer,Home Maintenance,Preventative Care"
Is a Power Washer Right for Your Gutters? 🤔,https://res.cloudinary.com/dbcpfy04c/image/upload/v1748569471/pin_1_14_ia5ikd.webp,home-improvement-tips,,https://www.beacleaner.com/how-to-clean-gutters-with-power-washer?utm_source=pinterest&utm_campaign=is-a-power-washer-ri,2025-05-30,Not sure if a power washer is the right tool for your gutters? We weigh the pros and cons and help you determine if it's the best solution for your home. Get the information you need to make an informed decision. 🧐,"Power Washer,Gutter Cleaning,Home Improvement,Tool Selection"
Power Washing Gutters: A Beginner's Guide,https://res.cloudinary.com/dbcpfy04c/image/upload/v1748569477/pin_1_15_xnbced.webp,home-maintenance-tips,,https://www.beacleaner.com/how-to-clean-gutters-with-power-washer?utm_source=pinterest&utm_campaign=power-washing-gutter,2025-05-30,New to power washing? No problem! Our beginner-friendly guide walks you through the entire process of cleaning gutters with a power washer. We'll cover everything from setup to cleanup. Get started with confidence! 🔰,"Beginner's Guide,Power Washer,Gutter Cleaning,DIY Project"
Gutter Cleaning Hacks: Power Washer Edition 💡,https://res.cloudinary.com/dbcpfy04c/image/upload/v1748569482/pin_1_16_gfacew.webp,home-maintenance-tips,,https://www.beacleaner.com/how-to-clean-gutters-with-power-washer?utm_source=pinterest&utm_campaign=gutter-cleaning-hack,2025-05-30,"Discover clever hacks to make gutter cleaning with a power washer even easier and more effective. We share tips and tricks to save time, effort, and frustration. Work smarter, not harder! 🚀","Gutter Hacks,Power Washer,Cleaning Tips,Home Improvement"
The Cost of Clogged Gutters (and How to Prevent It!),https://res.cloudinary.com/dbcpfy04c/image/upload/v1748569490/pin_1_17_k7nxn0.webp,home-repair-tips,,https://www.beacleaner.com/how-to-clean-gutters-with-power-washer?utm_source=pinterest&utm_campaign=the-cost-of-clogged-,2025-05-30,Ignoring clogged gutters can lead to expensive repairs. Learn about the potential costs and how to prevent them with regular power washing. Protect your home and your wallet! 💸,"Clogged Gutters,Water Damage,Power Washer,Home Repair Costs"
Power Washer Gutter Cleaning: Pro Results 🏆,https://res.cloudinary.com/dbcpfy04c/image/upload/v1748569495/pin_1_18_tx0bnx.webp,home-maintenance-tips,,https://www.beacleaner.com/how-to-clean-gutters-with-power-washer?utm_source=pinterest&utm_campaign=power-washer-gutter-,2025-05-30,Achieve professional-level gutter cleaning results at home with our expert guide. Learn the techniques and tools used by the pros. Impress your neighbors and enjoy a sparkling clean home! ✨,"Pro Results,Power Washer,Gutter Cleaning,Home Improvement"
Gutter Cleaning Season: Power Washer Prep 🍂,https://res.cloudinary.com/dbcpfy04c/image/upload/v1748569500/pin_1_19_i1tn2u.webp,home-maintenance-tips,,https://www.beacleaner.com/how-to-clean-gutters-with-power-washer?utm_source=pinterest&utm_campaign=gutter-cleaning-seas,2025-05-30,Fall is the perfect time to clean your gutters! Get your power washer ready for action with our seasonal prep guide. Ensure optimal performance and tackle those leaves with ease. 🍁,"Fall Cleaning,Power Washer,Gutter Cleaning,Seasonal Maintenance"
Power Wash Gutters: Eco-Friendly Cleaning 🌿,https://res.cloudinary.com/dbcpfy04c/image/upload/v1748569506/pin_1_20_qlu28r.webp,home-repair-tips,,https://www.beacleaner.com/how-to-clean-gutters-with-power-washer?utm_source=pinterest&utm_campaign=power-wash-gutters-e,2025-05-30,Clean your gutters without harsh chemicals! Learn how to use a power washer for an eco-friendly gutter cleaning solution. Protect the environment and your home. 🌎,"Eco-Friendly Cleaning,Power Washer,Gutter Cleaning,Sustainable Living"
Gutter Guards & Power Washing: A Winning Combo,https://res.cloudinary.com/dbcpfy04c/image/upload/v1748569513/pin_1_21_neqveb.webp,home-maintenance-tips,,https://www.beacleaner.com/how-to-clean-gutters-with-power-washer?utm_source=pinterest&utm_campaign=gutter-guards-power-,2025-05-30,Do you have gutter guards? Learn how to effectively clean them with a power washer. Maximize the performance of your gutter guards and keep your gutters flowing freely. 🛡️,"Gutter Guards,Power Washer,Gutter Cleaning,Home Maintenance"
Power Washing Gutters: Common Questions Answered,https://res.cloudinary.com/dbcpfy04c/image/upload/v1748569519/pin_1_22_zyvdpz.webp,home-maintenance-tips,,https://www.beacleaner.com/how-to-clean-gutters-with-power-washer?utm_source=pinterest&utm_campaign=power-washing-gutter,2025-05-30,"Got questions about power washing gutters? We've got answers! This guide addresses frequently asked questions and provides clear, concise information. Get the clarity you need to clean with confidence. ❓","FAQ,Power Washer,Gutter Cleaning,Home Improvement"
Gutter Cleaning Power Washer: Tool Breakdown 🛠️,https://res.cloudinary.com/dbcpfy04c/image/upload/v1748569524/pin_1_23_bndko5.webp,home-maintenance-tips,,https://www.beacleaner.com/how-to-clean-gutters-with-power-washer?utm_source=pinterest&utm_campaign=gutter-cleaning-powe,2025-05-30,What tools do you *really* need to power wash your gutters? We break down the essential equipment and accessories for a successful clean. Don't waste money on unnecessary items! 💰,"Power Washer Tools,Gutter Cleaning,Home Improvement,Equipment Guide"
From Messy to Magnificent: Power Wash Gutters!,https://res.cloudinary.com/dbcpfy04c/image/upload/v1748569531/pin_1_24_ecjpsw.webp,home-improvement-ideas,,https://www.beacleaner.com/how-to-clean-gutters-with-power-washer?utm_source=pinterest&utm_campaign=from-messy-to-magnif,2025-05-30,"Transform your dirty, clogged gutters into sparkling clean ones with the power of a power washer! This guide shows you how to achieve a stunning transformation and protect your home. ✨","Gutter Transformation,Power Washer,Home Improvement,Cleaning Motivation"
Don't Risk It! Safe Gutter Power Washing 🪜,https://res.cloudinary.com/dbcpfy04c/image/upload/v1748569539/pin_1_25_asxenw.webp,home-safety-tips,,https://www.beacleaner.com/how-to-clean-gutters-with-power-washer?utm_source=pinterest&utm_campaign=dont-risk-it-safe-gu,2025-05-30,Your safety matters! This pin highlights the importance of safe practices when power washing gutters. Avoid falls and injuries with our expert advice. Clean with confidence and peace of mind. 🛡️,"Ladder Safety,Power Washer Safety,Gutter Cleaning,Home Safety"
Title,https://res.cloudinary.com/dbcpfy04c/image/upload/v1748569580/pin_2_1_zxcv5g.webp,please-provide-the-title-and-keywords-i-need-that-information-to-suggest-a-board-name-once,,https://www.beacleaner.com/how-to-clean-gutters-with-pressure-washer?utm_source=pinterest&utm_campaign=title,2025-05-30,Description,Keywords
Gutter Cleaning Made EASY! 💦,https://res.cloudinary.com/dbcpfy04c/image/upload/v1748569587/pin_2_2_cthnzi.webp,home-maintenance-tips,,https://www.beacleaner.com/how-to-clean-gutters-with-pressure-washer?utm_source=pinterest&utm_campaign=gutter-cleaning-made,2025-05-30,"Tired of the messy, dangerous chore of gutter cleaning? This guide shows you how to safely and effectively clean your gutters with a pressure washer! Learn the right nozzles, techniques, and safety precautions to avoid damage to your home and yourself. Don't risk a fall – reclaim your weekends and enjoy a sparkling clean home! Click to learn how to get it done right! Protect your foundation from water damage and prevent costly repairs. A clean home is a happy home!","gutter cleaning,pressure washer,home maintenance,DIY"
Pressure Washing Gutters: A Step-by-Step Guide,https://res.cloudinary.com/dbcpfy04c/image/upload/v1748569594/pin_2_3_oigzuy.webp,home-improvement-tips,,https://www.beacleaner.com/how-to-clean-gutters-with-pressure-washer?utm_source=pinterest&utm_campaign=pressure-washing-gut,2025-05-30,"Don't let clogged gutters ruin your home's curb appeal or cause expensive water damage! Our detailed guide breaks down the process of pressure washing gutters into easy-to-follow steps. We cover everything from prepping your equipment to rinsing and inspecting for leaks.  Save time, money, and your back!  Click to read now and keep your home protected.  Imagine the peace of mind knowing your gutters are clear and functioning perfectly.","gutter cleaning,pressure washing,home improvement,DIY projects"
Avoid Gutter Damage: Pressure Washing Tips,https://res.cloudinary.com/dbcpfy04c/image/upload/v1748569602/pin_2_4_ldpdqv.webp,home-improvement-tips,,https://www.beacleaner.com/how-to-clean-gutters-with-pressure-washer?utm_source=pinterest&utm_campaign=avoid-gutter-damage-,2025-05-30,"Worried about damaging your gutters with a pressure washer? We've got you covered! This post reveals the secrets to using a pressure washer safely and effectively on your gutters. Learn about the correct PSI, nozzle selection, and techniques to avoid bending, breaking, or dislodging your gutters. Protect your investment and keep your home looking its best! Click to learn more.","pressure washing,gutter damage,home repair,safety tips"
DIY Gutter Cleaning: Save Money & Time!,https://res.cloudinary.com/dbcpfy04c/image/upload/v1748569607/pin_2_5_slr5dq.webp,home-improvement-tips,,https://www.beacleaner.com/how-to-clean-gutters-with-pressure-washer?utm_source=pinterest&utm_campaign=diy-gutter-cleaning-,2025-05-30,"Stop paying expensive professionals! This guide empowers you to clean your gutters yourself with a pressure washer. We'll show you how to do it quickly, efficiently, and safely.  Reclaim your hard-earned money and enjoy the satisfaction of a job well done.  Click to read and start saving today!  A little effort can go a long way in protecting your home.","DIY gutter cleaning,pressure washer,save money,homeowner tips"
Is Pressure Washing Gutters Right For You? 🤔,https://res.cloudinary.com/dbcpfy04c/image/upload/v1748569614/pin_2_6_neowap.webp,home-maintenance-tips,,https://www.beacleaner.com/how-to-clean-gutters-with-pressure-washer?utm_source=pinterest&utm_campaign=is-pressure-washing-,2025-05-30,"Not sure if pressure washing is the best method for your gutters? This article explores the pros and cons, helping you determine if it's the right choice for your home. We discuss different gutter materials and the potential risks involved. Make an informed decision and protect your property! Click to read the full article.","gutter cleaning,pressure washing,home maintenance,pros and cons"
Gutter Cleaning Safety: Pressure Washer Edition,https://res.cloudinary.com/dbcpfy04c/image/upload/v1748569621/pin_2_7_gkmbyg.webp,home-maintenance-tips,,https://www.beacleaner.com/how-to-clean-gutters-with-pressure-washer?utm_source=pinterest&utm_campaign=gutter-cleaning-safe,2025-05-30,"Safety first! This post emphasizes the importance of safety when pressure washing your gutters. We cover essential precautions, including wearing protective gear, avoiding electrical hazards, and using a stable ladder.  Protect yourself and your home from accidents. Click to learn how to stay safe! Your well-being is our priority.","gutter cleaning,pressure washer safety,home safety,DIY safety"
The Best Pressure Washer Nozzles for Gutters,https://res.cloudinary.com/dbcpfy04c/image/upload/v1748569629/pin_2_8_ga2x3u.webp,gutter-cleaning-tips,,https://www.beacleaner.com/how-to-clean-gutters-with-pressure-washer?utm_source=pinterest&utm_campaign=the-best-pressure-wa,2025-05-30,Choosing the right nozzle is crucial for effective and safe gutter cleaning. This guide breaks down the different nozzle types and explains which ones are best suited for various gutter materials and levels of debris.  Get the perfect clean without causing damage! Click to learn more.,"pressure washer nozzles,gutter cleaning,cleaning tips,home improvement"
Before & After: Pressure Washed Gutters! ✨,https://res.cloudinary.com/dbcpfy04c/image/upload/v1748569635/pin_2_9_y6dhhy.webp,home-exterior-ideas,,https://www.beacleaner.com/how-to-clean-gutters-with-pressure-washer?utm_source=pinterest&utm_campaign=before-after-pressur,2025-05-30,See the dramatic difference! This post features stunning before-and-after photos of gutters cleaned with a pressure washer.  Witness the power of a clean gutter system and get inspired to tackle your own project.  Click to see the transformation and learn how to achieve these results! A clean exterior boosts curb appeal.,"gutter cleaning,pressure washing,before and after,home exterior"
Prevent Foundation Problems: Clean Gutters!,https://res.cloudinary.com/dbcpfy04c/image/upload/v1748569641/pin_2_10_cuup1g.webp,home-maintenance-tips,,https://www.beacleaner.com/how-to-clean-gutters-with-pressure-washer?utm_source=pinterest&utm_campaign=prevent-foundation-p,2025-05-30,"Did you know clogged gutters can lead to foundation problems? This article explains how proper gutter maintenance, including pressure washing, can protect your home's foundation from water damage.  Invest in preventative maintenance and save yourself costly repairs down the road. Click to learn more!","gutter cleaning,foundation repair,home maintenance,water damage"
Gutter Cleaning Checklist: Pressure Washer Method,https://res.cloudinary.com/dbcpfy04c/image/upload/v1748569648/pin_2_11_pmibn3.webp,home-maintenance-tips,,https://www.beacleaner.com/how-to-clean-gutters-with-pressure-washer?utm_source=pinterest&utm_campaign=gutter-cleaning-chec,2025-05-30,"Stay organized with our comprehensive gutter cleaning checklist! This guide outlines every step involved in pressure washing your gutters, ensuring you don't miss a thing.  From preparation to inspection, we've got you covered. Click to download the checklist and get started!","gutter cleaning checklist,pressure washer,home maintenance,DIY guide"
Pressure Washing Gutters: Common Mistakes to Avoid,https://res.cloudinary.com/dbcpfy04c/image/upload/v1748569654/pin_2_12_krabf7.webp,home-improvement-tips,,https://www.beacleaner.com/how-to-clean-gutters-with-pressure-washer?utm_source=pinterest&utm_campaign=pressure-washing-gut,2025-05-30,"Don't make these common mistakes! This post highlights the pitfalls to avoid when pressure washing your gutters, helping you achieve a professional-quality clean without causing damage. Learn from our experience and save yourself time and frustration. Click to read now!","gutter cleaning,pressure washing mistakes,home repair,DIY tips"
Extend Your Roof's Life: Clean Gutters!,https://res.cloudinary.com/dbcpfy04c/image/upload/v1748569660/pin_2_13_r92rix.webp,home-maintenance-tips,,https://www.beacleaner.com/how-to-clean-gutters-with-pressure-washer?utm_source=pinterest&utm_campaign=extend-your-roofs-li,2025-05-30,Clean gutters aren't just about preventing water damage – they also help extend the life of your roof! This article explains the connection between gutter maintenance and roof health. Protect your investment and enjoy a long-lasting roof. Click to learn more!,"gutter cleaning,roof maintenance,home improvement,preventative care"
Gutter Guards vs. Pressure Washing: Which is Best?,https://res.cloudinary.com/dbcpfy04c/image/upload/v1748569670/pin_2_14_rwicmv.webp,home-maintenance-tips,,https://www.beacleaner.com/how-to-clean-gutters-with-pressure-washer?utm_source=pinterest&utm_campaign=gutter-guards-vs-pre,2025-05-30,"Debating between gutter guards and regular pressure washing? This post compares the two methods, outlining the pros and cons of each.  Make the right choice for your home and budget. Click to read the full comparison!","gutter guards,pressure washing,gutter cleaning,home maintenance"
Pressure Washing Gutters: A Beginner's Guide,https://res.cloudinary.com/dbcpfy04c/image/upload/v1748569677/pin_2_15_jec6aq.webp,home-improvement-tips,,https://www.beacleaner.com/how-to-clean-gutters-with-pressure-washer?utm_source=pinterest&utm_campaign=pressure-washing-gut,2025-05-30,"New to pressure washing? No problem! This beginner-friendly guide walks you through the entire process of cleaning your gutters with a pressure washer, step-by-step.  We'll demystify the process and give you the confidence to tackle it yourself. Click to learn more!","beginner's guide,pressure washing,gutter cleaning,DIY for beginners"
The Cost of Ignoring Gutter Cleaning 💸,https://res.cloudinary.com/dbcpfy04c/image/upload/v1748569683/pin_2_16_njrwhs.webp,home-repair-tips,,https://www.beacleaner.com/how-to-clean-gutters-with-pressure-washer?utm_source=pinterest&utm_campaign=the-cost-of-ignoring,2025-05-30,"Ignoring your gutters can be a costly mistake! This post outlines the potential expenses associated with clogged gutters, including water damage, foundation repairs, and landscaping issues.  Invest in preventative maintenance and save yourself money in the long run. Click to read more!","gutter cleaning,water damage,home repair costs,preventative maintenance"
Fall Gutter Cleaning: Prepare for Winter! 🍂,https://res.cloudinary.com/dbcpfy04c/image/upload/v1748569691/pin_2_17_prymqf.webp,home-maintenance-tips,,https://www.beacleaner.com/how-to-clean-gutters-with-pressure-washer?utm_source=pinterest&utm_campaign=fall-gutter-cleaning,2025-05-30,Don't wait until it's too late! This post emphasizes the importance of cleaning your gutters in the fall to prepare for winter weather.  Remove leaves and debris before they freeze and cause damage. Click to read now and protect your home!,"fall gutter cleaning,winter preparation,home maintenance,seasonal cleaning"
Spring Gutter Cleaning: Refresh Your Home! 🌸,https://res.cloudinary.com/dbcpfy04c/image/upload/v1748569698/pin_2_18_snvkrz.webp,home-maintenance-tips,,https://www.beacleaner.com/how-to-clean-gutters-with-pressure-washer?utm_source=pinterest&utm_campaign=spring-gutter-cleani,2025-05-30,"Give your home a spring refresh with a thorough gutter cleaning! This post highlights the benefits of cleaning your gutters after winter, removing accumulated debris and ensuring proper drainage. Click to read more and revitalize your home!","spring gutter cleaning,home refresh,home maintenance,seasonal cleaning"
Pressure Washing Gutters: Tools You'll Need,https://res.cloudinary.com/dbcpfy04c/image/upload/v1748569703/pin_2_19_ufqyjz.webp,home-improvement-tips,,https://www.beacleaner.com/how-to-clean-gutters-with-pressure-washer?utm_source=pinterest&utm_campaign=pressure-washing-gut,2025-05-30,"Before you start, make sure you have the right tools! This post provides a comprehensive list of the tools and equipment you'll need to pressure wash your gutters safely and effectively. Click to see the list and get prepared!","pressure washing tools,gutter cleaning,home improvement,DIY equipment"
Gutter Cleaning Hacks: Pressure Washer Edition 💡,https://res.cloudinary.com/dbcpfy04c/image/upload/v1748569709/pin_2_20_bukmdv.webp,home-maintenance-tips,,https://www.beacleaner.com/how-to-clean-gutters-with-pressure-washer?utm_source=pinterest&utm_campaign=gutter-cleaning-hack,2025-05-30,"Work smarter, not harder! This post shares clever hacks and tips for pressure washing your gutters, making the process even easier and more efficient. Click to discover these time-saving techniques!","gutter cleaning hacks,pressure washing tips,home improvement,DIY shortcuts"
Protect Your Landscaping: Clean Gutters! 🌿,https://res.cloudinary.com/dbcpfy04c/image/upload/v1748569715/pin_2_21_nuf4ju.webp,home-maintenance-tips,,https://www.beacleaner.com/how-to-clean-gutters-with-pressure-washer?utm_source=pinterest&utm_campaign=protect-your-landsca,2025-05-30,"Clogged gutters can damage your landscaping! This article explains how overflowing water can erode soil, damage plants, and create unsightly mud. Protect your beautiful yard by keeping your gutters clean. Click to learn more!","gutter cleaning,landscaping,home maintenance,yard care"
Gutter Cleaning for Different Home Styles,https://res.cloudinary.com/dbcpfy04c/image/upload/v1748569721/pin_2_22_gfpqyk.webp,home-maintenance-tips,,https://www.beacleaner.com/how-to-clean-gutters-with-pressure-washer?utm_source=pinterest&utm_campaign=gutter-cleaning-for-,2025-05-30,"Different homes require different gutter cleaning approaches. This post provides tailored advice for cleaning gutters on various home styles, from Victorian to modern. Click to find the best method for your home!","gutter cleaning,home styles,home maintenance,DIY advice"
Pressure Washing Gutters: Troubleshooting Tips,https://res.cloudinary.com/dbcpfy04c/image/upload/v1748569727/pin_2_23_draewh.webp,home-improvement-tips,,https://www.beacleaner.com/how-to-clean-gutters-with-pressure-washer?utm_source=pinterest&utm_campaign=pressure-washing-gut,2025-05-30,"Encountering problems while pressure washing your gutters? This post offers troubleshooting tips for common issues, helping you overcome challenges and achieve a successful clean. Click to find solutions!","pressure washing,gutter cleaning,troubleshooting,DIY help"
Gutter Cleaning & Pest Control: A Connection! 🐜,https://res.cloudinary.com/dbcpfy04c/image/upload/v1748569734/pin_2_24_iojfe0.webp,home-maintenance-tips,,https://www.beacleaner.com/how-to-clean-gutters-with-pressure-washer?utm_source=pinterest&utm_campaign=gutter-cleaning-pest,2025-05-30,"Did you know clogged gutters can attract pests? This article explains the link between gutter maintenance and pest control, helping you prevent unwanted visitors. Click to learn how to keep your home pest-free!","gutter cleaning,pest control,home maintenance,preventative care"
Gutter Cleaning Schedule: Stay on Track! 🗓️,https://res.cloudinary.com/dbcpfy04c/image/upload/v1748569740/pin_2_25_odsol5.webp,home-maintenance-tips,,https://www.beacleaner.com/how-to-clean-gutters-with-pressure-washer?utm_source=pinterest&utm_campaign=gutter-cleaning-sche,2025-05-30,"Don't let gutter cleaning fall off your to-do list! This post provides a recommended gutter cleaning schedule, helping you stay on track and protect your home year-round. Click to download the schedule!","gutter cleaning schedule,home maintenance,DIY planning,homeowner tips"
Title,https://res.cloudinary.com/dbcpfy04c/image/upload/v1748569779/pin_3_1_duq1rj.webp,please-provide-the-title-and-keywords-i-need-that-information-to-suggest-a-board-name-once,,https://www.beacleaner.com/how-to-clean-hand-pump-sprayer?utm_source=pinterest&utm_campaign=title,2025-05-30,Description,Keywords
Say Goodbye to Clogged Sprayers!,https://res.cloudinary.com/dbcpfy04c/image/upload/v1748569785/pin_3_2_rysluv.webp,cleaning-tips,,https://www.beacleaner.com/how-to-clean-hand-pump-sprayer?utm_source=pinterest&utm_campaign=say-goodbye-to-clogg,2025-05-30,Is your garden sprayer sputtering instead of spraying? Don't toss it! This easy guide shows you how to clean a hand pump sprayer and get back to gardening bliss. We'll walk you through disassembly,cleaning solutions
Hand Pump Sprayer Deep Clean,https://res.cloudinary.com/dbcpfy04c/image/upload/v1748569794/pin_3_3_nnnkm4.webp,garden-tips,,https://www.beacleaner.com/how-to-clean-hand-pump-sprayer?utm_source=pinterest&utm_campaign=hand-pump-sprayer-de,2025-05-30,Don't let grime build up and ruin your favorite garden tool! This guide provides a deep cleaning method for your hand pump sprayer,ensuring longevity and optimal performance. We'll show you how to tackle stubborn residue and prevent future clogs.  Protect your investment and enjoy years of reliable spraying. Click to learn more! #SprayerCleaning #GardenMaintenance #ToolCare #CleaningHacks
Vinegar to the Rescue! (Sprayer),https://res.cloudinary.com/dbcpfy04c/image/upload/v1748569801/pin_3_4_vii9dn.webp,garden-tips-ideas,,https://www.beacleaner.com/how-to-clean-hand-pump-sprayer?utm_source=pinterest&utm_campaign=vinegar-to-the-rescu,2025-05-30,Is vinegar a cleaning superhero? For your hand pump sprayer,absolutely! Discover how a simple vinegar solution can dissolve buildup and restore your sprayer's functionality. This eco-friendly method is gentle yet effective.  Feel good about using a natural cleaner while keeping your garden thriving. Learn the trick now! #VinegarCleaning #EcoFriendlyCleaning #GardenTips #SprayerHack
Sprayer Nozzle Cleaning Secrets,https://res.cloudinary.com/dbcpfy04c/image/upload/v1748569807/pin_3_5_hh67qw.webp,gardening-tips,,https://www.beacleaner.com/how-to-clean-hand-pump-sprayer?utm_source=pinterest&utm_campaign=sprayer-nozzle-clean,2025-05-30,That clogged nozzle is the enemy of a good spray! This pin focuses specifically on cleaning your hand pump sprayer nozzle. We reveal the best tools and techniques to remove stubborn blockages.  Get a consistent,powerful spray every time. Don't struggle with uneven coverage – click to learn the secrets! #NozzleCleaning #SprayerTips #GardeningSolutions #DIYRepair
Sprayer Cleaning: Step-by-Step,https://res.cloudinary.com/dbcpfy04c/image/upload/v1748569813/pin_3_6_fo119a.webp,cleaning-tips,,https://www.beacleaner.com/how-to-clean-hand-pump-sprayer?utm_source=pinterest&utm_campaign=sprayer-cleaning-ste,2025-05-30,Visual learners rejoice! This pin features a clear,step-by-step guide to cleaning your hand pump sprayer.  Easy-to-follow images make the process a breeze.  No more guesswork – just a clean
Sprayer Cleaning for Beginners,https://res.cloudinary.com/dbcpfy04c/image/upload/v1748569818/pin_3_7_fkvgim.webp,cleaning-tips,,https://www.beacleaner.com/how-to-clean-hand-pump-sprayer?utm_source=pinterest&utm_campaign=sprayer-cleaning-for,2025-05-30,New to gardening? Don't be intimidated! This pin is designed for beginners,providing a simple and straightforward guide to cleaning your hand pump sprayer.  We'll break down the process into easy-to-understand steps.  Gain confidence and enjoy a thriving garden. Click to learn! #BeginnerGardening #SprayerCleaning101 #GardenHelp #EasyCleaning
The Ultimate Sprayer Cleaning Guide,https://res.cloudinary.com/dbcpfy04c/image/upload/v1748569825/pin_3_8_p5hfxn.webp,tool-cleaning-tips,,https://www.beacleaner.com/how-to-clean-hand-pump-sprayer?utm_source=pinterest&utm_campaign=the-ultimate-sprayer,2025-05-30,Everything you need to know about cleaning your hand pump sprayer in one place! This comprehensive guide covers all aspects of sprayer maintenance,from disassembly to storage.  Become a sprayer cleaning pro and enjoy a healthy
Protect Your Plants: Clean Sprayer,https://res.cloudinary.com/dbcpfy04c/image/upload/v1748569833/pin_3_9_jnelav.webp,garden-tips,,https://www.beacleaner.com/how-to-clean-hand-pump-sprayer?utm_source=pinterest&utm_campaign=protect-your-plants-,2025-05-30,A dirty sprayer can harbor harmful bacteria and fungi,potentially damaging your plants. This pin emphasizes the importance of cleaning your sprayer for plant health.  Keep your garden thriving by ensuring a clean and safe spraying environment. Click to learn how! #PlantHealth #GardenSafety #SprayerHygiene #HealthyGarden
Hand Pump Sprayer Care Tips,https://res.cloudinary.com/dbcpfy04c/image/upload/v1748569839/pin_3_10_cjxsml.webp,garden-tips,,https://www.beacleaner.com/how-to-clean-hand-pump-sprayer?utm_source=pinterest&utm_campaign=hand-pump-sprayer-ca,2025-05-30,Beyond cleaning,this pin shares essential care tips to prolong the life of your hand pump sprayer.  Learn how to store your sprayer properly and prevent future problems.  Invest in your tools and enjoy years of reliable performance. #SprayerCare #ToolTips #GardenAdvice #Maintenance
The Secret to a Powerful Spray,https://res.cloudinary.com/dbcpfy04c/image/upload/v1748569846/pin_3_11_zyjuc4.webp,garden-tips,,https://www.beacleaner.com/how-to-clean-hand-pump-sprayer?utm_source=pinterest&utm_campaign=the-secret-to-a-powe,2025-05-30,Want a strong,consistent spray? It all starts with a clean sprayer! This pin highlights the connection between sprayer cleanliness and spray performance.  Unlock the full potential of your sprayer and enjoy a more effective gardening experience. Click to learn! #PowerfulSpray #SprayerPerformance #GardenEfficiency #CleaningForResults
Sprayer Cleaning: Common Mistakes,https://res.cloudinary.com/dbcpfy04c/image/upload/v1748569853/pin_3_12_frqjov.webp,cleaning-tips,,https://www.beacleaner.com/how-to-clean-hand-pump-sprayer?utm_source=pinterest&utm_campaign=sprayer-cleaning-com,2025-05-30,Avoid these common mistakes when cleaning your hand pump sprayer! This pin highlights pitfalls to avoid,ensuring a thorough and effective cleaning.  Learn from our experience and get the best results. #SprayerMistakes #CleaningErrors #GardenTips #AvoidThese
The Best Tools for Sprayer Cleaning,https://res.cloudinary.com/dbcpfy04c/image/upload/v1748569859/pin_3_13_vtzy84.webp,garden-cleaning-tips,,https://www.beacleaner.com/how-to-clean-hand-pump-sprayer?utm_source=pinterest&utm_campaign=the-best-tools-for-s,2025-05-30,What tools do you need to clean your hand pump sprayer effectively? This pin showcases the best tools for the job,making the process easier and more efficient.  Get equipped and tackle sprayer cleaning with confidence! #SprayerTools #CleaningSupplies #GardenEquipment #ToolRecommendations
Sprayer Cleaning: A Visual Guide,https://res.cloudinary.com/dbcpfy04c/image/upload/v1748569864/pin_3_14_jvz6ds.webp,cleaning-tips,,https://www.beacleaner.com/how-to-clean-hand-pump-sprayer?utm_source=pinterest&utm_campaign=sprayer-cleaning-a-v,2025-05-30,A picture is worth a thousand words! This pin features a visually appealing guide to cleaning your hand pump sprayer,with clear images and concise instructions.  Learn by seeing! #VisualGuide #SprayerCleaning #GardenTutorial #ImageBasedLearning
Title,https://res.cloudinary.com/dbcpfy04c/image/upload/v1748569903/pin_4_1_syzokj.webp,please-provide-the-title-and-keywords-i-need-that-information-to-suggest-a-board-name-once,,https://www.beacleaner.com/how-to-clean-hard-water-stains-from-brick?utm_source=pinterest&utm_campaign=title,2025-05-30,Description,Keywords
Bye Bye Brick Stains!,https://res.cloudinary.com/dbcpfy04c/image/upload/v1748569913/pin_4_2_n94ztx.webp,brick-cleaning-tips,,https://www.beacleaner.com/how-to-clean-hard-water-stains-from-brick?utm_source=pinterest&utm_campaign=bye-bye-brick-stains,2025-05-30,Is your beautiful brick looking dull & dingy from hard water? Don't let unsightly white streaks ruin your curb appeal! This guide reveals simple,effective methods to remove hard water stains from brick
Restore Brick's Beauty,https://res.cloudinary.com/dbcpfy04c/image/upload/v1748569919/pin_4_3_qofzjv.webp,brick-restoration-ideas,,https://www.beacleaner.com/how-to-clean-hard-water-stains-from-brick?utm_source=pinterest&utm_campaign=restore-bricks-beaut,2025-05-30,Hard water stains on brick can be frustrating! This post breaks down exactly *why* they happen and,more importantly
Brick Stain SOS: Fix It!,https://res.cloudinary.com/dbcpfy04c/image/upload/v1748569925/pin_4_4_uxcxrz.webp,brick-cleaning-tips,,https://www.beacleaner.com/how-to-clean-hard-water-stains-from-brick?utm_source=pinterest&utm_campaign=brick-stain-sos-fix-,2025-05-30,Don't despair over those chalky white stains! This guide is your rescue mission for hard water-damaged brick. We'll show you how to identify the type of brick you have and choose the safest,most effective cleaning method.  Imagine the satisfaction of a beautifully clean exterior – it's closer than you think! Click to learn more. #BrickCare #WaterStains #CleaningHacks #ExteriorCleaning
Vinegar & Brick: A Match!,https://res.cloudinary.com/dbcpfy04c/image/upload/v1748569933/pin_4_5_gimwbs.webp,cleaning-tips,,https://www.beacleaner.com/how-to-clean-hard-water-stains-from-brick?utm_source=pinterest&utm_campaign=vinegar-brick-a-matc,2025-05-30,Did you know vinegar is a powerful weapon against hard water stains on brick? This post details how to use this natural cleaner safely and effectively.  We'll guide you through dilution ratios,application techniques
Baking Soda Brick Magic,https://res.cloudinary.com/dbcpfy04c/image/upload/v1748569939/pin_4_6_a6zrgh.webp,cleaning-tips,,https://www.beacleaner.com/how-to-clean-hard-water-stains-from-brick?utm_source=pinterest&utm_campaign=baking-soda-brick-ma,2025-05-30,Baking soda isn't just for baking! Discover how this versatile powder can lift hard water stains from brick,leaving it looking refreshed.  This guide provides a step-by-step process
DIY Brick Cleaning Checklist,https://res.cloudinary.com/dbcpfy04c/image/upload/v1748569945/pin_4_7_bvf5oh.webp,home-cleaning-tips,,https://www.beacleaner.com/how-to-clean-hard-water-stains-from-brick?utm_source=pinterest&utm_campaign=diy-brick-cleaning-c,2025-05-30,Stay organized with our handy brick cleaning checklist! This post provides a printable checklist to guide you through the entire process,from preparation to rinsing.  Make brick cleaning a breeze with this helpful resource. Download your checklist now! #CleaningChecklist #BrickCleaningGuide #DIYOrganization #HomeCleaning
Brick Sealing 101,https://res.cloudinary.com/dbcpfy04c/image/upload/v1748569954/pin_4_8_yh01on.webp,brick-tips,,https://www.beacleaner.com/how-to-clean-hard-water-stains-from-brick?utm_source=pinterest&utm_campaign=brick-sealing-101,2025-05-30,Want to prevent hard water stains from coming back? Learn everything you need to know about brick sealing in this comprehensive guide. We cover different types of sealers,application techniques
The Science of Hard Water Stains,https://res.cloudinary.com/dbcpfy04c/image/upload/v1748569961/pin_4_9_j5ix6r.webp,cleaning-tips,,https://www.beacleaner.com/how-to-clean-hard-water-stains-from-brick?utm_source=pinterest&utm_campaign=the-science-of-hard-,2025-05-30,Ever wondered *why* hard water leaves those pesky stains on brick? This post dives into the science behind the problem,helping you understand how to effectively combat it. Knowledge is power – learn how to win the battle against hard water! #HardWaterScience #BrickFacts #CleaningKnowledge #HomeEducation
Eco-Friendly Brick Cleaning,https://res.cloudinary.com/dbcpfy04c/image/upload/v1748569968/pin_4_10_egges3.webp,green-cleaning-tips,,https://www.beacleaner.com/how-to-clean-hard-water-stains-from-brick?utm_source=pinterest&utm_campaign=eco-friendly-brick-c,2025-05-30,Go green with your brick cleaning! This post focuses on natural and eco-friendly solutions for removing hard water stains.  Learn how to clean your brick without harsh chemicals,protecting your family and the environment.  Clean responsibly! #EcoFriendlyCleaning #GreenCleaning #NaturalBrickCleaner #SustainableHome
Brick Cleaning Tools You Need,https://res.cloudinary.com/dbcpfy04c/image/upload/v1748569976/pin_4_11_znilzv.webp,home-cleaning-tips,,https://www.beacleaner.com/how-to-clean-hard-water-stains-from-brick?utm_source=pinterest&utm_campaign=brick-cleaning-tools,2025-05-30,Don't start cleaning without the right tools! This post lists all the essential tools you'll need to tackle hard water stains on brick. From brushes to spray bottles,we've got you covered.  Get prepared for a successful cleaning project! #BrickCleaningTools #CleaningSupplies #HomeTools #DIYEssentials
Preventing Future Brick Stains,https://res.cloudinary.com/dbcpfy04c/image/upload/v1748569983/pin_4_12_wwealr.webp,brick-home-tips,,https://www.beacleaner.com/how-to-clean-hard-water-stains-from-brick?utm_source=pinterest&utm_campaign=preventing-future-br,2025-05-30,Don't let hard water stains come back! This post offers practical tips for preventing future buildup,including adjusting your watering habits and installing a water softener.  Proactive maintenance is the key to a beautiful exterior. #StainPrevention #BrickMaintenance #HomeCareTips #ExteriorCare
Brick Cleaning Mistakes to Avoid,https://res.cloudinary.com/dbcpfy04c/image/upload/v1748569989/pin_4_13_xd6mga.webp,home-cleaning-tips,,https://www.beacleaner.com/how-to-clean-hard-water-stains-from-brick?utm_source=pinterest&utm_campaign=brick-cleaning-mista,2025-05-30,Avoid these common brick cleaning mistakes! This post highlights pitfalls to steer clear of,ensuring you don't damage your brick or waste your time.  Learn from our mistakes and achieve a flawless clean. #BrickCleaningErrors #CleaningMistakes #HomeImprovementTips #DIYAdvice
Hard Water & Brick: The Connection,https://res.cloudinary.com/dbcpfy04c/image/upload/v1748569995/pin_4_14_eco3a8.webp,home-cleaning-tips,,https://www.beacleaner.com/how-to-clean-hard-water-stains-from-brick?utm_source=pinterest&utm_campaign=hard-water-brick-the,2025-05-30,Explore the direct link between hard water and unsightly stains on your brick. This post explains how minerals in hard water react with brick,causing discoloration. Understand the problem to find the best solution! #HardWaterProblems #BrickDiscoloration #CleaningSolutions #HomeFacts
Brick Cleaning for Beginners,https://res.cloudinary.com/dbcpfy04c/image/upload/v1748570001/pin_4_15_x5vpka.webp,home-cleaning-tips,,https://www.beacleaner.com/how-to-clean-hard-water-stains-from-brick?utm_source=pinterest&utm_campaign=brick-cleaning-for-b,2025-05-30,New to brick cleaning? This post is a perfect starting point! We break down the process into simple,easy-to-follow steps.  Anyone can achieve a beautifully clean brick exterior with our guidance. #BeginnerCleaning #BrickCleaning101 #DIYForBeginners #HomeCleaningGuide
Long-Term Brick Care Routine,https://res.cloudinary.com/dbcpfy04c/image/upload/v1748570006/pin_4_16_frvinf.webp,brick-care-tips,,https://www.beacleaner.com/how-to-clean-hard-water-stains-from-brick?utm_source=pinterest&utm_campaign=long-term-brick-care,2025-05-30,Establish a long-term care routine for your brick to keep it looking its best. This post provides a schedule for cleaning,sealing
Title,https://res.cloudinary.com/dbcpfy04c/image/upload/v1748570046/pin_5_1_i8erpk.webp,please-provide-the-title-and-keywords-i-need-that-information-to-suggest-a-board-name-once,,https://www.beacleaner.com/how-to-clean-harvey-windows?utm_source=pinterest&utm_campaign=title,2025-05-30,Description,Keywords
Sparkling Harvey Windows: Your Guide,https://res.cloudinary.com/dbcpfy04c/image/upload/v1748570052/pin_5_2_a9nuhu.webp,window-cleaning-tips,,https://www.beacleaner.com/how-to-clean-harvey-windows?utm_source=pinterest&utm_campaign=sparkling-harvey-win,2025-05-30,Tired of streaky,dirty Harvey windows? This guide breaks down the *exact* steps to get them crystal clear
Harvey Window Cleaning: Easy Steps,https://res.cloudinary.com/dbcpfy04c/image/upload/v1748570058/pin_5_3_z6go0f.webp,cleaning-tips,,https://www.beacleaner.com/how-to-clean-harvey-windows?utm_source=pinterest&utm_campaign=harvey-window-cleani,2025-05-30,Don't let window cleaning feel like a chore! This post simplifies the process for Harvey windows,offering a step-by-step guide for a streak-free finish. Discover the secret to removing stubborn dirt
Harvey Windows: Pro Cleaning Tips,https://res.cloudinary.com/dbcpfy04c/image/upload/v1748570067/pin_5_4_n7pjnb.webp,window-cleaning-tips,,https://www.beacleaner.com/how-to-clean-harvey-windows?utm_source=pinterest&utm_campaign=harvey-windows-pro-c,2025-05-30,Want professional-looking Harvey windows without the professional price tag? We're sharing insider tips and tricks to achieve a flawless clean every time. From choosing the right tools to mastering the wiping technique,this guide has you covered. A clean view can brighten your whole home! Click to learn more. #HarveyWindows #CleaningHacks #WindowCare #ProTips
Streak-Free Harvey Windows: Secret!,https://res.cloudinary.com/dbcpfy04c/image/upload/v1748570074/pin_5_5_dtb0ob.webp,cleaning-tips-ideas,,https://www.beacleaner.com/how-to-clean-harvey-windows?utm_source=pinterest&utm_campaign=streak-free-harvey-w,2025-05-30,Say goodbye to frustrating streaks! This guide reveals the secret to achieving perfectly clean Harvey windows. We cover everything from solution ratios to drying techniques. Imagine the satisfaction of sparkling windows and a brighter,more inviting home. Click to discover the secret! #StreakFreeWindows #HarveyWindows #CleaningTips #HomeCleaning
DIY Harvey Window Cleaner Recipe,https://res.cloudinary.com/dbcpfy04c/image/upload/v1748570082/pin_5_6_qj1djt.webp,cleaning-tips,,https://www.beacleaner.com/how-to-clean-harvey-windows?utm_source=pinterest&utm_campaign=diy-harvey-window-cl,2025-05-30,Skip the harsh chemicals! This post provides a simple,effective DIY window cleaner recipe specifically for Harvey windows. It's eco-friendly
Harvey Windows: Cleaning Checklist,https://res.cloudinary.com/dbcpfy04c/image/upload/v1748570087/pin_5_7_dknhhi.webp,window-cleaning-tips,,https://www.beacleaner.com/how-to-clean-harvey-windows?utm_source=pinterest&utm_campaign=harvey-windows-clean,2025-05-30,Stay organized with our handy Harvey window cleaning checklist! This printable guide ensures you don't miss a step. From prepping your supplies to the final polish,we've got you covered. A clean home is a happy home! Download the checklist now. #CleaningChecklist #HarveyWindows #HomeOrganization #CleaningSchedule
Harvey Window Cleaning: Tools You Need,https://res.cloudinary.com/dbcpfy04c/image/upload/v1748570093/pin_5_8_fgsrug.webp,cleaning-tips,,https://www.beacleaner.com/how-to-clean-harvey-windows?utm_source=pinterest&utm_campaign=harvey-window-cleani,2025-05-30,Don't start cleaning without the right tools! This post outlines the essential tools for cleaning Harvey windows effectively. From squeegees to microfiber cloths,we'll help you equip yourself for success. Get the job done right the first time! #WindowCleaningTools #HarveyWindows #CleaningSupplies #HomeEssentials
Harvey Windows: Avoid These Mistakes!,https://res.cloudinary.com/dbcpfy04c/image/upload/v1748570098/pin_5_9_oihge2.webp,window-cleaning-tips,,https://www.beacleaner.com/how-to-clean-harvey-windows?utm_source=pinterest&utm_campaign=harvey-windows-avoid,2025-05-30,Don't make these common Harvey window cleaning mistakes! This post highlights pitfalls to avoid for a streak-free,damage-free clean. Learn from our experience and protect your investment. Click to read and avoid costly errors! #WindowCleaningMistakes #HarveyWindows #CleaningTips #HomeImprovement
Harvey Windows: Cleaning Interior vs Exterior,https://res.cloudinary.com/dbcpfy04c/image/upload/v1748570104/pin_5_10_iltv2r.webp,window-cleaning-tips,,https://www.beacleaner.com/how-to-clean-harvey-windows?utm_source=pinterest&utm_campaign=harvey-windows-clean,2025-05-30,Different sides,different approaches! This post explains the best methods for cleaning the interior and exterior of your Harvey windows. Maximize your cleaning efforts and achieve a flawless finish. Click to learn the nuances! #InteriorCleaning #ExteriorCleaning #HarveyWindows #WindowCare
Harvey Windows: Cleaning with Vinegar,https://res.cloudinary.com/dbcpfy04c/image/upload/v1748570110/pin_5_11_s3gold.webp,window-cleaning-tips,,https://www.beacleaner.com/how-to-clean-harvey-windows?utm_source=pinterest&utm_campaign=harvey-windows-clean,2025-05-30,Vinegar to the rescue! Discover how to use vinegar to effectively clean your Harvey windows. It's a natural,affordable
Harvey Windows: Cleaning Screens,https://res.cloudinary.com/dbcpfy04c/image/upload/v1748570119/pin_5_12_rdjskk.webp,window-cleaning-tips,,https://www.beacleaner.com/how-to-clean-harvey-windows?utm_source=pinterest&utm_campaign=harvey-windows-clean,2025-05-30,Don't forget the screens! This post provides a step-by-step guide to cleaning your Harvey window screens. Remove dirt,dust
Harvey Windows: Cloudy Film Removal,https://res.cloudinary.com/dbcpfy04c/image/upload/v1748570124/pin_5_13_ajhm6d.webp,window-cleaning-tips,,https://www.beacleaner.com/how-to-clean-harvey-windows?utm_source=pinterest&utm_campaign=harvey-windows-cloud,2025-05-30,Is a cloudy film ruining your Harvey window view? This post offers solutions for removing this common problem and restoring clarity. Enjoy a brighter,more vibrant home. Click to learn how to banish the haze! #CloudyWindows #HarveyWindows #WindowCleaning #HomeImprovement
Harvey Windows: Cleaning After Construction,https://res.cloudinary.com/dbcpfy04c/image/upload/v1748570130/pin_5_14_rcvssz.webp,window-cleaning-tips,,https://www.beacleaner.com/how-to-clean-harvey-windows?utm_source=pinterest&utm_campaign=harvey-windows-clean,2025-05-30,Post-construction mess on your Harvey windows? We've got you covered! This post details how to remove dust,debris
